{
  "nbformat": 4,
  "nbformat_minor": 0,
  "metadata": {
    "colab": {
      "name": "PA2.ipynb",
      "provenance": [],
      "authorship_tag": "ABX9TyPHgoygM/u8VHcBsGBwETqX",
      "include_colab_link": true
    },
    "kernelspec": {
      "name": "python3",
      "display_name": "Python 3"
    }
  },
  "cells": [
    {
      "cell_type": "markdown",
      "metadata": {
        "id": "view-in-github",
        "colab_type": "text"
      },
      "source": [
        "<a href=\"https://colab.research.google.com/github/LifeofAGeek/DUCS/blob/master/PA2.ipynb\" target=\"_parent\"><img src=\"https://colab.research.google.com/assets/colab-badge.svg\" alt=\"Open In Colab\"/></a>"
      ]
    },
    {
      "cell_type": "code",
      "metadata": {
        "id": "ytLtvYLGHXPH",
        "colab_type": "code",
        "colab": {}
      },
      "source": [
        "data = [[1,\"Kolkata\",\"12:10:33\",27,87,15],\n",
        "[2,\"Delhi\",\"02:30:20\",27,56,20],\n",
        "[3,\"Pune\",\"13:45:53\",22,34,25],\n",
        "[4,\"Bengalore\",\"10:10:23\",21,36,30],\n",
        "[5,\"Kolkata\",\"14:10:22\",29,41,15],\n",
        "[6,\"Bengalore\",\"15:33:44\",25,51,20],\n",
        "[7,\"Pune\",\"17:13:53\",28,32,25],\n",
        "[8,\"Delhi\",\"11:16:33\",31,44,30],\n",
        "[9,\"Bengalore\",\"18:10:33\",28,81,15],\n",
        "[10,\"Kolkata\",\"23:11:12\",31,91,20],\n",
        "[11,\"Pune\",\"18:29:42\",29,20,25],\n",
        "[12,\"Delhi\",\"09:09:19\",32,21,30],\n",
        "[13,\"Bengalore\",\"03:32:55\",26,22,15],\n",
        "[14,\"Pune\",\"12:19:41\",25,23,20],\n",
        "[15,\"Delhi\",\"11:11:25\",29,24,25],\n",
        "[16,\"Kolkata\",\"10:39:54\",28,25,30],\n",
        "[17,\"Bengalore\",\"21:10:33\",23,33,15],\n",
        "[18,\"Delhi\",\"22:10:33\",26,66,20],\n",
        "[19,\"Kolkata\",\"08:09:00\",27,55,25],\n",
        "[20,\"Pune\",\"01:41:21\",22,23,30]]"
      ],
      "execution_count": 31,
      "outputs": []
    },
    {
      "cell_type": "code",
      "metadata": {
        "id": "AEN08XDOH8Gn",
        "colab_type": "code",
        "colab": {
          "base_uri": "https://localhost:8080/",
          "height": 357
        },
        "outputId": "a9350e83-03fd-4f6a-bb86-daa73a709142"
      },
      "source": [
        "data"
      ],
      "execution_count": 28,
      "outputs": [
        {
          "output_type": "execute_result",
          "data": {
            "text/plain": [
              "[[1, 'Kolkata', '12:10:33', 27, 87, 15],\n",
              " [2, 'Delhi', '02:30:20', 27, 56, 20],\n",
              " [3, 'Pune', '13:45:53', 22, 34, 25],\n",
              " [4, 'Bengalore', '10:10:23', 21, 36, 30],\n",
              " [5, 'Kolkata', '14:10:22', 29, 41, 15],\n",
              " [6, 'Bengalore', '15:33:44', 25, 51, 20],\n",
              " [7, 'Pune', '17:13:53', 28, 32, 25],\n",
              " [8, 'Delhi', '11:16:33', 31, 44, 30],\n",
              " [9, 'Bengalore', '18:10:33', 28, 81, 15],\n",
              " [10, 'Kolkata', '23:11:12', 31, 91, 20],\n",
              " [11, 'Pune', '18:29:42', 29, 20, 25],\n",
              " [12, 'Delhi', '09:09:19', 32, 21, 30],\n",
              " [13, 'Bengalore', '03:32:55', 26, 22, 15],\n",
              " [14, 'Pune', '12:19:41', 25, 23, 20],\n",
              " [15, 'Delhi', '11:11:25', 29, 24, 25],\n",
              " [16, 'Kolkata', '10:39:54', 28, 25, 30],\n",
              " [17, 'Bengalore', '21:10:33', 23, 33, 15],\n",
              " [18, 'Delhi', '22:10:33', 26, 66, 20],\n",
              " [19, 'Kolkata', '08:09:00', 27, 55, 25],\n",
              " [20, 'Pune', '01:41:21', 22, 23, 30]]"
            ]
          },
          "metadata": {
            "tags": []
          },
          "execution_count": 28
        }
      ]
    },
    {
      "cell_type": "code",
      "metadata": {
        "id": "kc4P0S85IEJT",
        "colab_type": "code",
        "colab": {
          "base_uri": "https://localhost:8080/",
          "height": 34
        },
        "outputId": "e8dc2f77-b031-46fc-9138-214630c0c9f3"
      },
      "source": [
        "len(data)"
      ],
      "execution_count": 29,
      "outputs": [
        {
          "output_type": "execute_result",
          "data": {
            "text/plain": [
              "20"
            ]
          },
          "metadata": {
            "tags": []
          },
          "execution_count": 29
        }
      ]
    },
    {
      "cell_type": "code",
      "metadata": {
        "id": "lWotQP8TIGoZ",
        "colab_type": "code",
        "colab": {
          "base_uri": "https://localhost:8080/",
          "height": 1000
        },
        "outputId": "5747dd83-6e73-44cb-c457-4e11b563ac8b"
      },
      "source": [
        "def insertion_sort(arr):\n",
        "  for i in range(1,len(arr)):\n",
        "    #----------------------------------------------------#\n",
        "    print(\"Iteration \",i, \"\\n\") # printing array\n",
        "    for _i in range(0,len(arr)): # for visualization of swapping \n",
        "      print(arr[_i])\n",
        "    print(\"\\n\")\n",
        "    #----------------------------------------------------#\n",
        "    key=arr[i][2] # sorting on timestamp column i.e. 2 \n",
        "    j=i-1\n",
        "    keyrow=arr[i]\n",
        "\n",
        "    while (j >= 0) and (arr[j][2] > key):\n",
        "      arr[j+1]=arr[j]\n",
        "      j=j-1\n",
        "\n",
        "    arr[j+1]=keyrow\n",
        "#----------------------------------------------------#\n",
        "\n",
        "lst = data # Sno, City, Timestamp, Temp, Rainfall, Humidity\n",
        "insertion_sort(lst)\n",
        "print(\"Final Sorted Data is below: \\n\")\n",
        "for _i in range(0,len(data)): # for visualization of swapping \n",
        "      print(data[_i])"
      ],
      "execution_count": 32,
      "outputs": [
        {
          "output_type": "stream",
          "text": [
            "Iteration  1 \n",
            "\n",
            "[1, 'Kolkata', '12:10:33', 27, 87, 15]\n",
            "[2, 'Delhi', '02:30:20', 27, 56, 20]\n",
            "[3, 'Pune', '13:45:53', 22, 34, 25]\n",
            "[4, 'Bengalore', '10:10:23', 21, 36, 30]\n",
            "[5, 'Kolkata', '14:10:22', 29, 41, 15]\n",
            "[6, 'Bengalore', '15:33:44', 25, 51, 20]\n",
            "[7, 'Pune', '17:13:53', 28, 32, 25]\n",
            "[8, 'Delhi', '11:16:33', 31, 44, 30]\n",
            "[9, 'Bengalore', '18:10:33', 28, 81, 15]\n",
            "[10, 'Kolkata', '23:11:12', 31, 91, 20]\n",
            "[11, 'Pune', '18:29:42', 29, 20, 25]\n",
            "[12, 'Delhi', '09:09:19', 32, 21, 30]\n",
            "[13, 'Bengalore', '03:32:55', 26, 22, 15]\n",
            "[14, 'Pune', '12:19:41', 25, 23, 20]\n",
            "[15, 'Delhi', '11:11:25', 29, 24, 25]\n",
            "[16, 'Kolkata', '10:39:54', 28, 25, 30]\n",
            "[17, 'Bengalore', '21:10:33', 23, 33, 15]\n",
            "[18, 'Delhi', '22:10:33', 26, 66, 20]\n",
            "[19, 'Kolkata', '08:09:00', 27, 55, 25]\n",
            "[20, 'Pune', '01:41:21', 22, 23, 30]\n",
            "\n",
            "\n",
            "Iteration  2 \n",
            "\n",
            "[2, 'Delhi', '02:30:20', 27, 56, 20]\n",
            "[1, 'Kolkata', '12:10:33', 27, 87, 15]\n",
            "[3, 'Pune', '13:45:53', 22, 34, 25]\n",
            "[4, 'Bengalore', '10:10:23', 21, 36, 30]\n",
            "[5, 'Kolkata', '14:10:22', 29, 41, 15]\n",
            "[6, 'Bengalore', '15:33:44', 25, 51, 20]\n",
            "[7, 'Pune', '17:13:53', 28, 32, 25]\n",
            "[8, 'Delhi', '11:16:33', 31, 44, 30]\n",
            "[9, 'Bengalore', '18:10:33', 28, 81, 15]\n",
            "[10, 'Kolkata', '23:11:12', 31, 91, 20]\n",
            "[11, 'Pune', '18:29:42', 29, 20, 25]\n",
            "[12, 'Delhi', '09:09:19', 32, 21, 30]\n",
            "[13, 'Bengalore', '03:32:55', 26, 22, 15]\n",
            "[14, 'Pune', '12:19:41', 25, 23, 20]\n",
            "[15, 'Delhi', '11:11:25', 29, 24, 25]\n",
            "[16, 'Kolkata', '10:39:54', 28, 25, 30]\n",
            "[17, 'Bengalore', '21:10:33', 23, 33, 15]\n",
            "[18, 'Delhi', '22:10:33', 26, 66, 20]\n",
            "[19, 'Kolkata', '08:09:00', 27, 55, 25]\n",
            "[20, 'Pune', '01:41:21', 22, 23, 30]\n",
            "\n",
            "\n",
            "Iteration  3 \n",
            "\n",
            "[2, 'Delhi', '02:30:20', 27, 56, 20]\n",
            "[1, 'Kolkata', '12:10:33', 27, 87, 15]\n",
            "[3, 'Pune', '13:45:53', 22, 34, 25]\n",
            "[4, 'Bengalore', '10:10:23', 21, 36, 30]\n",
            "[5, 'Kolkata', '14:10:22', 29, 41, 15]\n",
            "[6, 'Bengalore', '15:33:44', 25, 51, 20]\n",
            "[7, 'Pune', '17:13:53', 28, 32, 25]\n",
            "[8, 'Delhi', '11:16:33', 31, 44, 30]\n",
            "[9, 'Bengalore', '18:10:33', 28, 81, 15]\n",
            "[10, 'Kolkata', '23:11:12', 31, 91, 20]\n",
            "[11, 'Pune', '18:29:42', 29, 20, 25]\n",
            "[12, 'Delhi', '09:09:19', 32, 21, 30]\n",
            "[13, 'Bengalore', '03:32:55', 26, 22, 15]\n",
            "[14, 'Pune', '12:19:41', 25, 23, 20]\n",
            "[15, 'Delhi', '11:11:25', 29, 24, 25]\n",
            "[16, 'Kolkata', '10:39:54', 28, 25, 30]\n",
            "[17, 'Bengalore', '21:10:33', 23, 33, 15]\n",
            "[18, 'Delhi', '22:10:33', 26, 66, 20]\n",
            "[19, 'Kolkata', '08:09:00', 27, 55, 25]\n",
            "[20, 'Pune', '01:41:21', 22, 23, 30]\n",
            "\n",
            "\n",
            "Iteration  4 \n",
            "\n",
            "[2, 'Delhi', '02:30:20', 27, 56, 20]\n",
            "[4, 'Bengalore', '10:10:23', 21, 36, 30]\n",
            "[1, 'Kolkata', '12:10:33', 27, 87, 15]\n",
            "[3, 'Pune', '13:45:53', 22, 34, 25]\n",
            "[5, 'Kolkata', '14:10:22', 29, 41, 15]\n",
            "[6, 'Bengalore', '15:33:44', 25, 51, 20]\n",
            "[7, 'Pune', '17:13:53', 28, 32, 25]\n",
            "[8, 'Delhi', '11:16:33', 31, 44, 30]\n",
            "[9, 'Bengalore', '18:10:33', 28, 81, 15]\n",
            "[10, 'Kolkata', '23:11:12', 31, 91, 20]\n",
            "[11, 'Pune', '18:29:42', 29, 20, 25]\n",
            "[12, 'Delhi', '09:09:19', 32, 21, 30]\n",
            "[13, 'Bengalore', '03:32:55', 26, 22, 15]\n",
            "[14, 'Pune', '12:19:41', 25, 23, 20]\n",
            "[15, 'Delhi', '11:11:25', 29, 24, 25]\n",
            "[16, 'Kolkata', '10:39:54', 28, 25, 30]\n",
            "[17, 'Bengalore', '21:10:33', 23, 33, 15]\n",
            "[18, 'Delhi', '22:10:33', 26, 66, 20]\n",
            "[19, 'Kolkata', '08:09:00', 27, 55, 25]\n",
            "[20, 'Pune', '01:41:21', 22, 23, 30]\n",
            "\n",
            "\n",
            "Iteration  5 \n",
            "\n",
            "[2, 'Delhi', '02:30:20', 27, 56, 20]\n",
            "[4, 'Bengalore', '10:10:23', 21, 36, 30]\n",
            "[1, 'Kolkata', '12:10:33', 27, 87, 15]\n",
            "[3, 'Pune', '13:45:53', 22, 34, 25]\n",
            "[5, 'Kolkata', '14:10:22', 29, 41, 15]\n",
            "[6, 'Bengalore', '15:33:44', 25, 51, 20]\n",
            "[7, 'Pune', '17:13:53', 28, 32, 25]\n",
            "[8, 'Delhi', '11:16:33', 31, 44, 30]\n",
            "[9, 'Bengalore', '18:10:33', 28, 81, 15]\n",
            "[10, 'Kolkata', '23:11:12', 31, 91, 20]\n",
            "[11, 'Pune', '18:29:42', 29, 20, 25]\n",
            "[12, 'Delhi', '09:09:19', 32, 21, 30]\n",
            "[13, 'Bengalore', '03:32:55', 26, 22, 15]\n",
            "[14, 'Pune', '12:19:41', 25, 23, 20]\n",
            "[15, 'Delhi', '11:11:25', 29, 24, 25]\n",
            "[16, 'Kolkata', '10:39:54', 28, 25, 30]\n",
            "[17, 'Bengalore', '21:10:33', 23, 33, 15]\n",
            "[18, 'Delhi', '22:10:33', 26, 66, 20]\n",
            "[19, 'Kolkata', '08:09:00', 27, 55, 25]\n",
            "[20, 'Pune', '01:41:21', 22, 23, 30]\n",
            "\n",
            "\n",
            "Iteration  6 \n",
            "\n",
            "[2, 'Delhi', '02:30:20', 27, 56, 20]\n",
            "[4, 'Bengalore', '10:10:23', 21, 36, 30]\n",
            "[1, 'Kolkata', '12:10:33', 27, 87, 15]\n",
            "[3, 'Pune', '13:45:53', 22, 34, 25]\n",
            "[5, 'Kolkata', '14:10:22', 29, 41, 15]\n",
            "[6, 'Bengalore', '15:33:44', 25, 51, 20]\n",
            "[7, 'Pune', '17:13:53', 28, 32, 25]\n",
            "[8, 'Delhi', '11:16:33', 31, 44, 30]\n",
            "[9, 'Bengalore', '18:10:33', 28, 81, 15]\n",
            "[10, 'Kolkata', '23:11:12', 31, 91, 20]\n",
            "[11, 'Pune', '18:29:42', 29, 20, 25]\n",
            "[12, 'Delhi', '09:09:19', 32, 21, 30]\n",
            "[13, 'Bengalore', '03:32:55', 26, 22, 15]\n",
            "[14, 'Pune', '12:19:41', 25, 23, 20]\n",
            "[15, 'Delhi', '11:11:25', 29, 24, 25]\n",
            "[16, 'Kolkata', '10:39:54', 28, 25, 30]\n",
            "[17, 'Bengalore', '21:10:33', 23, 33, 15]\n",
            "[18, 'Delhi', '22:10:33', 26, 66, 20]\n",
            "[19, 'Kolkata', '08:09:00', 27, 55, 25]\n",
            "[20, 'Pune', '01:41:21', 22, 23, 30]\n",
            "\n",
            "\n",
            "Iteration  7 \n",
            "\n",
            "[2, 'Delhi', '02:30:20', 27, 56, 20]\n",
            "[4, 'Bengalore', '10:10:23', 21, 36, 30]\n",
            "[1, 'Kolkata', '12:10:33', 27, 87, 15]\n",
            "[3, 'Pune', '13:45:53', 22, 34, 25]\n",
            "[5, 'Kolkata', '14:10:22', 29, 41, 15]\n",
            "[6, 'Bengalore', '15:33:44', 25, 51, 20]\n",
            "[7, 'Pune', '17:13:53', 28, 32, 25]\n",
            "[8, 'Delhi', '11:16:33', 31, 44, 30]\n",
            "[9, 'Bengalore', '18:10:33', 28, 81, 15]\n",
            "[10, 'Kolkata', '23:11:12', 31, 91, 20]\n",
            "[11, 'Pune', '18:29:42', 29, 20, 25]\n",
            "[12, 'Delhi', '09:09:19', 32, 21, 30]\n",
            "[13, 'Bengalore', '03:32:55', 26, 22, 15]\n",
            "[14, 'Pune', '12:19:41', 25, 23, 20]\n",
            "[15, 'Delhi', '11:11:25', 29, 24, 25]\n",
            "[16, 'Kolkata', '10:39:54', 28, 25, 30]\n",
            "[17, 'Bengalore', '21:10:33', 23, 33, 15]\n",
            "[18, 'Delhi', '22:10:33', 26, 66, 20]\n",
            "[19, 'Kolkata', '08:09:00', 27, 55, 25]\n",
            "[20, 'Pune', '01:41:21', 22, 23, 30]\n",
            "\n",
            "\n",
            "Iteration  8 \n",
            "\n",
            "[2, 'Delhi', '02:30:20', 27, 56, 20]\n",
            "[4, 'Bengalore', '10:10:23', 21, 36, 30]\n",
            "[8, 'Delhi', '11:16:33', 31, 44, 30]\n",
            "[1, 'Kolkata', '12:10:33', 27, 87, 15]\n",
            "[3, 'Pune', '13:45:53', 22, 34, 25]\n",
            "[5, 'Kolkata', '14:10:22', 29, 41, 15]\n",
            "[6, 'Bengalore', '15:33:44', 25, 51, 20]\n",
            "[7, 'Pune', '17:13:53', 28, 32, 25]\n",
            "[9, 'Bengalore', '18:10:33', 28, 81, 15]\n",
            "[10, 'Kolkata', '23:11:12', 31, 91, 20]\n",
            "[11, 'Pune', '18:29:42', 29, 20, 25]\n",
            "[12, 'Delhi', '09:09:19', 32, 21, 30]\n",
            "[13, 'Bengalore', '03:32:55', 26, 22, 15]\n",
            "[14, 'Pune', '12:19:41', 25, 23, 20]\n",
            "[15, 'Delhi', '11:11:25', 29, 24, 25]\n",
            "[16, 'Kolkata', '10:39:54', 28, 25, 30]\n",
            "[17, 'Bengalore', '21:10:33', 23, 33, 15]\n",
            "[18, 'Delhi', '22:10:33', 26, 66, 20]\n",
            "[19, 'Kolkata', '08:09:00', 27, 55, 25]\n",
            "[20, 'Pune', '01:41:21', 22, 23, 30]\n",
            "\n",
            "\n",
            "Iteration  9 \n",
            "\n",
            "[2, 'Delhi', '02:30:20', 27, 56, 20]\n",
            "[4, 'Bengalore', '10:10:23', 21, 36, 30]\n",
            "[8, 'Delhi', '11:16:33', 31, 44, 30]\n",
            "[1, 'Kolkata', '12:10:33', 27, 87, 15]\n",
            "[3, 'Pune', '13:45:53', 22, 34, 25]\n",
            "[5, 'Kolkata', '14:10:22', 29, 41, 15]\n",
            "[6, 'Bengalore', '15:33:44', 25, 51, 20]\n",
            "[7, 'Pune', '17:13:53', 28, 32, 25]\n",
            "[9, 'Bengalore', '18:10:33', 28, 81, 15]\n",
            "[10, 'Kolkata', '23:11:12', 31, 91, 20]\n",
            "[11, 'Pune', '18:29:42', 29, 20, 25]\n",
            "[12, 'Delhi', '09:09:19', 32, 21, 30]\n",
            "[13, 'Bengalore', '03:32:55', 26, 22, 15]\n",
            "[14, 'Pune', '12:19:41', 25, 23, 20]\n",
            "[15, 'Delhi', '11:11:25', 29, 24, 25]\n",
            "[16, 'Kolkata', '10:39:54', 28, 25, 30]\n",
            "[17, 'Bengalore', '21:10:33', 23, 33, 15]\n",
            "[18, 'Delhi', '22:10:33', 26, 66, 20]\n",
            "[19, 'Kolkata', '08:09:00', 27, 55, 25]\n",
            "[20, 'Pune', '01:41:21', 22, 23, 30]\n",
            "\n",
            "\n",
            "Iteration  10 \n",
            "\n",
            "[2, 'Delhi', '02:30:20', 27, 56, 20]\n",
            "[4, 'Bengalore', '10:10:23', 21, 36, 30]\n",
            "[8, 'Delhi', '11:16:33', 31, 44, 30]\n",
            "[1, 'Kolkata', '12:10:33', 27, 87, 15]\n",
            "[3, 'Pune', '13:45:53', 22, 34, 25]\n",
            "[5, 'Kolkata', '14:10:22', 29, 41, 15]\n",
            "[6, 'Bengalore', '15:33:44', 25, 51, 20]\n",
            "[7, 'Pune', '17:13:53', 28, 32, 25]\n",
            "[9, 'Bengalore', '18:10:33', 28, 81, 15]\n",
            "[10, 'Kolkata', '23:11:12', 31, 91, 20]\n",
            "[11, 'Pune', '18:29:42', 29, 20, 25]\n",
            "[12, 'Delhi', '09:09:19', 32, 21, 30]\n",
            "[13, 'Bengalore', '03:32:55', 26, 22, 15]\n",
            "[14, 'Pune', '12:19:41', 25, 23, 20]\n",
            "[15, 'Delhi', '11:11:25', 29, 24, 25]\n",
            "[16, 'Kolkata', '10:39:54', 28, 25, 30]\n",
            "[17, 'Bengalore', '21:10:33', 23, 33, 15]\n",
            "[18, 'Delhi', '22:10:33', 26, 66, 20]\n",
            "[19, 'Kolkata', '08:09:00', 27, 55, 25]\n",
            "[20, 'Pune', '01:41:21', 22, 23, 30]\n",
            "\n",
            "\n",
            "Iteration  11 \n",
            "\n",
            "[2, 'Delhi', '02:30:20', 27, 56, 20]\n",
            "[4, 'Bengalore', '10:10:23', 21, 36, 30]\n",
            "[8, 'Delhi', '11:16:33', 31, 44, 30]\n",
            "[1, 'Kolkata', '12:10:33', 27, 87, 15]\n",
            "[3, 'Pune', '13:45:53', 22, 34, 25]\n",
            "[5, 'Kolkata', '14:10:22', 29, 41, 15]\n",
            "[6, 'Bengalore', '15:33:44', 25, 51, 20]\n",
            "[7, 'Pune', '17:13:53', 28, 32, 25]\n",
            "[9, 'Bengalore', '18:10:33', 28, 81, 15]\n",
            "[11, 'Pune', '18:29:42', 29, 20, 25]\n",
            "[10, 'Kolkata', '23:11:12', 31, 91, 20]\n",
            "[12, 'Delhi', '09:09:19', 32, 21, 30]\n",
            "[13, 'Bengalore', '03:32:55', 26, 22, 15]\n",
            "[14, 'Pune', '12:19:41', 25, 23, 20]\n",
            "[15, 'Delhi', '11:11:25', 29, 24, 25]\n",
            "[16, 'Kolkata', '10:39:54', 28, 25, 30]\n",
            "[17, 'Bengalore', '21:10:33', 23, 33, 15]\n",
            "[18, 'Delhi', '22:10:33', 26, 66, 20]\n",
            "[19, 'Kolkata', '08:09:00', 27, 55, 25]\n",
            "[20, 'Pune', '01:41:21', 22, 23, 30]\n",
            "\n",
            "\n",
            "Iteration  12 \n",
            "\n",
            "[2, 'Delhi', '02:30:20', 27, 56, 20]\n",
            "[12, 'Delhi', '09:09:19', 32, 21, 30]\n",
            "[4, 'Bengalore', '10:10:23', 21, 36, 30]\n",
            "[8, 'Delhi', '11:16:33', 31, 44, 30]\n",
            "[1, 'Kolkata', '12:10:33', 27, 87, 15]\n",
            "[3, 'Pune', '13:45:53', 22, 34, 25]\n",
            "[5, 'Kolkata', '14:10:22', 29, 41, 15]\n",
            "[6, 'Bengalore', '15:33:44', 25, 51, 20]\n",
            "[7, 'Pune', '17:13:53', 28, 32, 25]\n",
            "[9, 'Bengalore', '18:10:33', 28, 81, 15]\n",
            "[11, 'Pune', '18:29:42', 29, 20, 25]\n",
            "[10, 'Kolkata', '23:11:12', 31, 91, 20]\n",
            "[13, 'Bengalore', '03:32:55', 26, 22, 15]\n",
            "[14, 'Pune', '12:19:41', 25, 23, 20]\n",
            "[15, 'Delhi', '11:11:25', 29, 24, 25]\n",
            "[16, 'Kolkata', '10:39:54', 28, 25, 30]\n",
            "[17, 'Bengalore', '21:10:33', 23, 33, 15]\n",
            "[18, 'Delhi', '22:10:33', 26, 66, 20]\n",
            "[19, 'Kolkata', '08:09:00', 27, 55, 25]\n",
            "[20, 'Pune', '01:41:21', 22, 23, 30]\n",
            "\n",
            "\n",
            "Iteration  13 \n",
            "\n",
            "[2, 'Delhi', '02:30:20', 27, 56, 20]\n",
            "[13, 'Bengalore', '03:32:55', 26, 22, 15]\n",
            "[12, 'Delhi', '09:09:19', 32, 21, 30]\n",
            "[4, 'Bengalore', '10:10:23', 21, 36, 30]\n",
            "[8, 'Delhi', '11:16:33', 31, 44, 30]\n",
            "[1, 'Kolkata', '12:10:33', 27, 87, 15]\n",
            "[3, 'Pune', '13:45:53', 22, 34, 25]\n",
            "[5, 'Kolkata', '14:10:22', 29, 41, 15]\n",
            "[6, 'Bengalore', '15:33:44', 25, 51, 20]\n",
            "[7, 'Pune', '17:13:53', 28, 32, 25]\n",
            "[9, 'Bengalore', '18:10:33', 28, 81, 15]\n",
            "[11, 'Pune', '18:29:42', 29, 20, 25]\n",
            "[10, 'Kolkata', '23:11:12', 31, 91, 20]\n",
            "[14, 'Pune', '12:19:41', 25, 23, 20]\n",
            "[15, 'Delhi', '11:11:25', 29, 24, 25]\n",
            "[16, 'Kolkata', '10:39:54', 28, 25, 30]\n",
            "[17, 'Bengalore', '21:10:33', 23, 33, 15]\n",
            "[18, 'Delhi', '22:10:33', 26, 66, 20]\n",
            "[19, 'Kolkata', '08:09:00', 27, 55, 25]\n",
            "[20, 'Pune', '01:41:21', 22, 23, 30]\n",
            "\n",
            "\n",
            "Iteration  14 \n",
            "\n",
            "[2, 'Delhi', '02:30:20', 27, 56, 20]\n",
            "[13, 'Bengalore', '03:32:55', 26, 22, 15]\n",
            "[12, 'Delhi', '09:09:19', 32, 21, 30]\n",
            "[4, 'Bengalore', '10:10:23', 21, 36, 30]\n",
            "[8, 'Delhi', '11:16:33', 31, 44, 30]\n",
            "[1, 'Kolkata', '12:10:33', 27, 87, 15]\n",
            "[14, 'Pune', '12:19:41', 25, 23, 20]\n",
            "[3, 'Pune', '13:45:53', 22, 34, 25]\n",
            "[5, 'Kolkata', '14:10:22', 29, 41, 15]\n",
            "[6, 'Bengalore', '15:33:44', 25, 51, 20]\n",
            "[7, 'Pune', '17:13:53', 28, 32, 25]\n",
            "[9, 'Bengalore', '18:10:33', 28, 81, 15]\n",
            "[11, 'Pune', '18:29:42', 29, 20, 25]\n",
            "[10, 'Kolkata', '23:11:12', 31, 91, 20]\n",
            "[15, 'Delhi', '11:11:25', 29, 24, 25]\n",
            "[16, 'Kolkata', '10:39:54', 28, 25, 30]\n",
            "[17, 'Bengalore', '21:10:33', 23, 33, 15]\n",
            "[18, 'Delhi', '22:10:33', 26, 66, 20]\n",
            "[19, 'Kolkata', '08:09:00', 27, 55, 25]\n",
            "[20, 'Pune', '01:41:21', 22, 23, 30]\n",
            "\n",
            "\n",
            "Iteration  15 \n",
            "\n",
            "[2, 'Delhi', '02:30:20', 27, 56, 20]\n",
            "[13, 'Bengalore', '03:32:55', 26, 22, 15]\n",
            "[12, 'Delhi', '09:09:19', 32, 21, 30]\n",
            "[4, 'Bengalore', '10:10:23', 21, 36, 30]\n",
            "[15, 'Delhi', '11:11:25', 29, 24, 25]\n",
            "[8, 'Delhi', '11:16:33', 31, 44, 30]\n",
            "[1, 'Kolkata', '12:10:33', 27, 87, 15]\n",
            "[14, 'Pune', '12:19:41', 25, 23, 20]\n",
            "[3, 'Pune', '13:45:53', 22, 34, 25]\n",
            "[5, 'Kolkata', '14:10:22', 29, 41, 15]\n",
            "[6, 'Bengalore', '15:33:44', 25, 51, 20]\n",
            "[7, 'Pune', '17:13:53', 28, 32, 25]\n",
            "[9, 'Bengalore', '18:10:33', 28, 81, 15]\n",
            "[11, 'Pune', '18:29:42', 29, 20, 25]\n",
            "[10, 'Kolkata', '23:11:12', 31, 91, 20]\n",
            "[16, 'Kolkata', '10:39:54', 28, 25, 30]\n",
            "[17, 'Bengalore', '21:10:33', 23, 33, 15]\n",
            "[18, 'Delhi', '22:10:33', 26, 66, 20]\n",
            "[19, 'Kolkata', '08:09:00', 27, 55, 25]\n",
            "[20, 'Pune', '01:41:21', 22, 23, 30]\n",
            "\n",
            "\n",
            "Iteration  16 \n",
            "\n",
            "[2, 'Delhi', '02:30:20', 27, 56, 20]\n",
            "[13, 'Bengalore', '03:32:55', 26, 22, 15]\n",
            "[12, 'Delhi', '09:09:19', 32, 21, 30]\n",
            "[4, 'Bengalore', '10:10:23', 21, 36, 30]\n",
            "[16, 'Kolkata', '10:39:54', 28, 25, 30]\n",
            "[15, 'Delhi', '11:11:25', 29, 24, 25]\n",
            "[8, 'Delhi', '11:16:33', 31, 44, 30]\n",
            "[1, 'Kolkata', '12:10:33', 27, 87, 15]\n",
            "[14, 'Pune', '12:19:41', 25, 23, 20]\n",
            "[3, 'Pune', '13:45:53', 22, 34, 25]\n",
            "[5, 'Kolkata', '14:10:22', 29, 41, 15]\n",
            "[6, 'Bengalore', '15:33:44', 25, 51, 20]\n",
            "[7, 'Pune', '17:13:53', 28, 32, 25]\n",
            "[9, 'Bengalore', '18:10:33', 28, 81, 15]\n",
            "[11, 'Pune', '18:29:42', 29, 20, 25]\n",
            "[10, 'Kolkata', '23:11:12', 31, 91, 20]\n",
            "[17, 'Bengalore', '21:10:33', 23, 33, 15]\n",
            "[18, 'Delhi', '22:10:33', 26, 66, 20]\n",
            "[19, 'Kolkata', '08:09:00', 27, 55, 25]\n",
            "[20, 'Pune', '01:41:21', 22, 23, 30]\n",
            "\n",
            "\n",
            "Iteration  17 \n",
            "\n",
            "[2, 'Delhi', '02:30:20', 27, 56, 20]\n",
            "[13, 'Bengalore', '03:32:55', 26, 22, 15]\n",
            "[12, 'Delhi', '09:09:19', 32, 21, 30]\n",
            "[4, 'Bengalore', '10:10:23', 21, 36, 30]\n",
            "[16, 'Kolkata', '10:39:54', 28, 25, 30]\n",
            "[15, 'Delhi', '11:11:25', 29, 24, 25]\n",
            "[8, 'Delhi', '11:16:33', 31, 44, 30]\n",
            "[1, 'Kolkata', '12:10:33', 27, 87, 15]\n",
            "[14, 'Pune', '12:19:41', 25, 23, 20]\n",
            "[3, 'Pune', '13:45:53', 22, 34, 25]\n",
            "[5, 'Kolkata', '14:10:22', 29, 41, 15]\n",
            "[6, 'Bengalore', '15:33:44', 25, 51, 20]\n",
            "[7, 'Pune', '17:13:53', 28, 32, 25]\n",
            "[9, 'Bengalore', '18:10:33', 28, 81, 15]\n",
            "[11, 'Pune', '18:29:42', 29, 20, 25]\n",
            "[17, 'Bengalore', '21:10:33', 23, 33, 15]\n",
            "[10, 'Kolkata', '23:11:12', 31, 91, 20]\n",
            "[18, 'Delhi', '22:10:33', 26, 66, 20]\n",
            "[19, 'Kolkata', '08:09:00', 27, 55, 25]\n",
            "[20, 'Pune', '01:41:21', 22, 23, 30]\n",
            "\n",
            "\n",
            "Iteration  18 \n",
            "\n",
            "[2, 'Delhi', '02:30:20', 27, 56, 20]\n",
            "[13, 'Bengalore', '03:32:55', 26, 22, 15]\n",
            "[12, 'Delhi', '09:09:19', 32, 21, 30]\n",
            "[4, 'Bengalore', '10:10:23', 21, 36, 30]\n",
            "[16, 'Kolkata', '10:39:54', 28, 25, 30]\n",
            "[15, 'Delhi', '11:11:25', 29, 24, 25]\n",
            "[8, 'Delhi', '11:16:33', 31, 44, 30]\n",
            "[1, 'Kolkata', '12:10:33', 27, 87, 15]\n",
            "[14, 'Pune', '12:19:41', 25, 23, 20]\n",
            "[3, 'Pune', '13:45:53', 22, 34, 25]\n",
            "[5, 'Kolkata', '14:10:22', 29, 41, 15]\n",
            "[6, 'Bengalore', '15:33:44', 25, 51, 20]\n",
            "[7, 'Pune', '17:13:53', 28, 32, 25]\n",
            "[9, 'Bengalore', '18:10:33', 28, 81, 15]\n",
            "[11, 'Pune', '18:29:42', 29, 20, 25]\n",
            "[17, 'Bengalore', '21:10:33', 23, 33, 15]\n",
            "[18, 'Delhi', '22:10:33', 26, 66, 20]\n",
            "[10, 'Kolkata', '23:11:12', 31, 91, 20]\n",
            "[19, 'Kolkata', '08:09:00', 27, 55, 25]\n",
            "[20, 'Pune', '01:41:21', 22, 23, 30]\n",
            "\n",
            "\n",
            "Iteration  19 \n",
            "\n",
            "[2, 'Delhi', '02:30:20', 27, 56, 20]\n",
            "[13, 'Bengalore', '03:32:55', 26, 22, 15]\n",
            "[19, 'Kolkata', '08:09:00', 27, 55, 25]\n",
            "[12, 'Delhi', '09:09:19', 32, 21, 30]\n",
            "[4, 'Bengalore', '10:10:23', 21, 36, 30]\n",
            "[16, 'Kolkata', '10:39:54', 28, 25, 30]\n",
            "[15, 'Delhi', '11:11:25', 29, 24, 25]\n",
            "[8, 'Delhi', '11:16:33', 31, 44, 30]\n",
            "[1, 'Kolkata', '12:10:33', 27, 87, 15]\n",
            "[14, 'Pune', '12:19:41', 25, 23, 20]\n",
            "[3, 'Pune', '13:45:53', 22, 34, 25]\n",
            "[5, 'Kolkata', '14:10:22', 29, 41, 15]\n",
            "[6, 'Bengalore', '15:33:44', 25, 51, 20]\n",
            "[7, 'Pune', '17:13:53', 28, 32, 25]\n",
            "[9, 'Bengalore', '18:10:33', 28, 81, 15]\n",
            "[11, 'Pune', '18:29:42', 29, 20, 25]\n",
            "[17, 'Bengalore', '21:10:33', 23, 33, 15]\n",
            "[18, 'Delhi', '22:10:33', 26, 66, 20]\n",
            "[10, 'Kolkata', '23:11:12', 31, 91, 20]\n",
            "[20, 'Pune', '01:41:21', 22, 23, 30]\n",
            "\n",
            "\n",
            "Final Sorted Data is below: \n",
            "\n",
            "[20, 'Pune', '01:41:21', 22, 23, 30]\n",
            "[2, 'Delhi', '02:30:20', 27, 56, 20]\n",
            "[13, 'Bengalore', '03:32:55', 26, 22, 15]\n",
            "[19, 'Kolkata', '08:09:00', 27, 55, 25]\n",
            "[12, 'Delhi', '09:09:19', 32, 21, 30]\n",
            "[4, 'Bengalore', '10:10:23', 21, 36, 30]\n",
            "[16, 'Kolkata', '10:39:54', 28, 25, 30]\n",
            "[15, 'Delhi', '11:11:25', 29, 24, 25]\n",
            "[8, 'Delhi', '11:16:33', 31, 44, 30]\n",
            "[1, 'Kolkata', '12:10:33', 27, 87, 15]\n",
            "[14, 'Pune', '12:19:41', 25, 23, 20]\n",
            "[3, 'Pune', '13:45:53', 22, 34, 25]\n",
            "[5, 'Kolkata', '14:10:22', 29, 41, 15]\n",
            "[6, 'Bengalore', '15:33:44', 25, 51, 20]\n",
            "[7, 'Pune', '17:13:53', 28, 32, 25]\n",
            "[9, 'Bengalore', '18:10:33', 28, 81, 15]\n",
            "[11, 'Pune', '18:29:42', 29, 20, 25]\n",
            "[17, 'Bengalore', '21:10:33', 23, 33, 15]\n",
            "[18, 'Delhi', '22:10:33', 26, 66, 20]\n",
            "[10, 'Kolkata', '23:11:12', 31, 91, 20]\n"
          ],
          "name": "stdout"
        }
      ]
    },
    {
      "cell_type": "code",
      "metadata": {
        "id": "7va0LSUXJkWl",
        "colab_type": "code",
        "colab": {
          "base_uri": "https://localhost:8080/",
          "height": 357
        },
        "outputId": "e5e9ddf1-a78f-4b7d-be42-f123c7dda7c1"
      },
      "source": [
        "data"
      ],
      "execution_count": 26,
      "outputs": [
        {
          "output_type": "execute_result",
          "data": {
            "text/plain": [
              "[[20, 'Pune', '01:41:21'],\n",
              " [2, 'Delhi', '02:30:20'],\n",
              " [13, 'Bengalore', '03:32:55'],\n",
              " [19, 'Kolkata', '08:09:00'],\n",
              " [12, 'Delhi', '09:09:19'],\n",
              " [4, 'Bengalore', '10:10:23'],\n",
              " [16, 'Kolkata', '10:39:54'],\n",
              " [15, 'Delhi', '11:11:25'],\n",
              " [8, 'Delhi', '11:16:33'],\n",
              " [1, 'Kolkata', '12:10:33'],\n",
              " [14, 'Pune', '12:19:41'],\n",
              " [3, 'Pune', '13:45:53'],\n",
              " [5, 'Kolkata', '14:10:22'],\n",
              " [6, 'Bengalore', '15:33:44'],\n",
              " [7, 'Pune', '17:13:53'],\n",
              " [9, 'Bengalore', '18:10:33'],\n",
              " [11, 'Pune', '18:29:42'],\n",
              " [17, 'Bengalore', '21:10:33'],\n",
              " [18, 'Delhi', '22:10:33'],\n",
              " [10, 'Kolkata', '23:11:12']]"
            ]
          },
          "metadata": {
            "tags": []
          },
          "execution_count": 26
        }
      ]
    },
    {
      "cell_type": "code",
      "metadata": {
        "id": "6iQ4x7rFPD_K",
        "colab_type": "code",
        "colab": {}
      },
      "source": [
        ""
      ],
      "execution_count": null,
      "outputs": []
    }
  ]
}